A:
1 | 1 | 1 | 1 | 1 | 
1 | 2 | 3 | 4 | 5 | 
1 | 3 | 5 | 7 | 9 | 
1 | 4 | 7 | 10 | 13 | 
1 | 5 | 9 | 13 | 17 | 
B:
0 | 1 | 2 | 3 | 4 | 
1 | 2 | 3 | 4 | 5 | 
2 | 3 | 4 | 5 | 6 | 
3 | 4 | 5 | 6 | 7 | 
4 | 5 | 6 | 7 | 8 | 
AB called by A:
10 | 15 | 20 | 25 | 30 | 
40 | 55 | 70 | 85 | 100 | 
70 | 95 | 120 | 145 | 170 | 
100 | 135 | 170 | 205 | 240 | 
130 | 175 | 220 | 265 | 310 | 
AB called by B:
10 | 15 | 20 | 25 | 30 | 
40 | 55 | 70 | 85 | 100 | 
70 | 95 | 120 | 145 | 170 | 
100 | 135 | 170 | 205 | 240 | 
130 | 175 | 220 | 265 | 310 | 
